data/raster/bathy.asc
NCOLS 201 
NROWS 101 
XLLCORNER 13.95 
YLLCORNER -36.0499999999994 
CELLSIZE 0.0999999999999943 
NODATA_value -9999 
[rows 66 to 98 of 101, columns 0 to 73 of 201]
-3697.5 -3624.5 -3596.5 -3557 -3516.5 -3416 -3370.5 -3284.5 -3262.5 -3221 -3194 -3129 -3109 -2909.5 -2747.5 -2436 -2349.5 -2251 -2133 -2002 -1898.5 -1602.5 -1472.5 -1103.5 -888.5 -491 -404.5 -351.5 -326.5 -311.5 -299 -288.5 -276 -262.5 -248.5 -222.5 -217.5 -116 -70 -50.5 -49 -26.5 -18.5 -18.5 -9999 -9999 -9999 -9999 -9999 -9999 -9999 -9999 -9999 -9999 -9999 -9999 -9999 -9999 -9999 -9999 -9999 -9999 -9999 -9999 -9999 -9999 -9999 -9999 -9999 -9999 -9999 -9999 -9999 -9999
-3734.75 -3663.75 -3671.75 -3629.5 -3578.75 -3467.5 -3403.25 -3359.75 -3344.5 -3288.25 -3254.5 -3226.75 -3203 -3016.75 -2869 -2651.25 -2561.75 -2489 -2385 -2296.75 -2210 -1974.5 -1843.5 -1429.25 -1178 -659 -504 -401.5 -373 -330.75 -323 -299.25 -285.25 -260.25 -248.25 -245.25 -209.25 -85.5 -46.25 -30 -27.75 -15.6666666666667 -14 -14 -9999 -9999 -9999 -9999 -9999 -9999 -9999 -9999 -9999 -9999 -9999 -9999 -9999 -9999 -9999 -9999 -9999 -9999 -9999 -9999 -9999 -9999 -9999 -9999 -9999 -9999 -9999 -9999 -9999 -9999
-3804 -3862.5 -3788.5 -3674.5 -3643.5 -3530.5 -3473.5 -3458.5 -3425 -3368.5 -3350 -3333.5 -3297 -3109.5 -3000 -2867 -2826.5 -2675.5 -2636.5 -2549 -2476 -2255.5 -2085 -1701.5 -1456.5 -917 -707.5 -447.5 -405.5 -334.5 -317.5 -309.5 -301 -281.5 -266 -274 -196.5 -79 -31 -31 -4 -4 -9999 -9999 -9999 -9999 -9999 -9999 -9999 -9999 -9999 -9999 -9999 -9999 -9999 -9999 -9999 -9999 -9999 -9999 -9999 -9999 -9999 -9999 -9999 -9999 -9999 -9999 -9999 -9999 -9999 -9999 -9999 -9999
-3844.5 -3871.75 -3837.75 -3722 -3704.25 -3621.5 -3590 -3561.75 -3523.5 -3466.25 -3449.5 -3412.5 -3363.75 -3253.75 -3178.5 -3045.75 -2985.25 -2855.5 -2797.25 -2646 -2557.75 -2368.75 -2235.25 -1849.5 -1657.25 -1185.25 -905.5 -521.75 -453.5 -375 -345.25 -303.75 -317 -291.5 -281.5 -242.75 -188.75 -73.75 -39 -39 -9999 -9999 -9999 -9999 -9999 -9999 -9999 -9999 -9999 -9999 -9999 -9999 -9999 -9999 -9999 -9999 -9999 -9999 -9999 -9999 -9999 -9999 -9999 -9999 -9999 -9999 -9999 -9999 -9999 -9999 -9999 -9999 -9999 -9999
-3937.5 -3919 -3903 -3840.5 -3785 -3686 -3652.5 -3633 -3595.5 -3497 -3489.5 -3516.5 -3445 -3370.5 -3349 -3248 -3162 -2998 -2918.5 -2710 -2620.5 -2435 -2293.5 -1983.5 -1852.5 -1394.5 -1103 -611 -500 -421 -385.5 -350.5 -343 -329 -327.5 -299 -215 -97 -24 -24 -3 -3 -9999 -9999 -9999 -9999 -9999 -9999 -9999 -9999 -9999 -9999 -9999 -9999 -9999 -9999 -9999 -9999 -9999 -9999 -9999 -9999 -9999 -9999 -9999 -9999 -9999 -9999 -9999 -9999 -9999 -9999 -9999 -9999
-4017.75 -3966.5 -3952 -3863.5 -3833.25 -3795.25 -3771.75 -3721 -3692.5 -3609.5 -3574.75 -3537.25 -3523.75 -3482.25 -3462.75 -3328.75 -3266 -3112.25 -3010.75 -2758 -2611.75 -2366.25 -2310.5 -2165.5 -2036 -1474.25 -1201.5 -751.25 -588.75 -466 -453.75 -403 -373.5 -375.75 -362.25 -300 -222.5 -122.75 -68 -5.66666666666667 -3 -3 -9999 -9999 -9999 -9999 -9999 -9999 -9999 -9999 -9999 -9999 -9999 -9999 -9999 -9999 -9999 -9999 -9999 -9999 -9999 -9999 -9999 -9999 -9999 -9999 -9999 -9999 -9999 -9999 -9999 -9999 -9999 -9999
-4100.5 -3952 -3985.5 -3920 -3886.5 -3840.5 -3839.5 -3787.5 -3757.5 -3684 -3671 -3623 -3605.5 -3552.5 -3493 -3418 -3373 -3184 -3073 -2751.5 -2664.5 -2610 -2499 -2277.5 -2143.5 -1553 -1288 -846.5 -717.5 -527 -472.5 -453.5 -423.5 -409 -425.5 -299.5 -228 -151.5 -112 -35.5 -4.5 -4.5 -9999 -9999 -9999 -9999 -9999 -9999 -9999 -9999 -9999 -9999 -9999 -9999 -9999 -9999 -9999 -9999 -9999 -9999 -9999 -9999 -9999 -9999 -9999 -9999 -9999 -9999 -9999 -9999 -9999 -9999 -9999 -9999
-4054.75 -4080.5 -4081.75 -3996 -3999.75 -3946 -3931.5 -3861.25 -3817.5 -3724.5 -3710 -3698.5 -3690.5 -3617.25 -3562.25 -3514.5 -3457.25 -3267.5 -3155 -2963.75 -2852.5 -2669 -2507.5 -2184.5 -2021.5 -1647.75 -1396.25 -1021 -869.5 -660 -601.25 -510.25 -475.5 -514.5 -517.75 -332.25 -227.75 -167 -139.5 -85.25 -55 -55 -12 -9999 -9999 -9999 -9999 -9999 -9999 -9999 -9999 -9999 -9999 -9999 -9999 -9999 -9999 -9999 -9999 -9999 -9999 -9999 -9999 -9999 -9999 -9999 -9999 -9999 -9999 -9999 -9999 -9999 -9999 -9999
-4166 -4143 -4126.5 -4117 -4070.5 -4012 -3993.5 -3943.5 -3913.5 -3855.5 -3842 -3784.5 -3767.5 -3634 -3574 -3537.5 -3463 -3317 -3241 -3096.5 -2992.5 -2728 -2606.5 -2492 -2328 -1835.5 -1563 -1197 -1045.5 -785.5 -697 -577 -531 -532 -562.5 -336 -231 -177 -159 -74.5 -46.5 -12 -12 -38.3333333333333 -9999 -9999 -9999 -9999 -9999 -9999 -9999 -9999 -9999 -9999 -9999 -9999 -9999 -9999 -9999 -9999 -9999 -9999 -9999 -9999 -9999 -9999 -9999 -9999 -9999 -9999 -9999 -9999 -9999 -9999
-4230.75 -4188.75 -4198.75 -4191 -4121.5 -4062.75 -4067.25 -3999 -3984 -3966.5 -3936.25 -3859.5 -3831.5 -3749.75 -3712 -3643 -3571 -3481.25 -3407 -3254.5 -3128.25 -2918.25 -2818.5 -2589.5 -2431.25 -2003.5 -1807.25 -1429 -1268 -977.25 -877.75 -692.5 -600.75 -653 -565 -292.25 -222.75 -183.75 -169.25 -97.25 -49.25 -50 -38.3333333333333 -38.3333333333333 -9999 -9999 -9999 -9999 -9999 -9999 -9999 -9999 -9999 -9999 -9999 -9999 -9999 -9999 -9999 -9999 -9999 -9999 -9999 -9999 -9999 -9999 -9999 -9999 -9999 -9999 -9999 -9999 -9999 -9999
-4217.5 -4243.5 -4245 -4223.5 -4192 -4143.5 -4146 -4081 -4072.5 -4092 -4036.5 -3930.5 -3918.5 -3882 -3815 -3729.5 -3690.5 -3613 -3541 -3419 -3305.5 -3070.5 -2899 -2644 -2496.5 -2129 -1958 -1559.5 -1408 -1202 -1080.5 -844 -715.5 -721 -548 -250.5 -224 -187.5 -176 -141 -114 -76.5 -49 -49 -16 -16 -9999 -9999 -9999 -9999 -9999 -9999 -9999 -9999 -9999 -9999 -9999 -9999 -9999 -9999 -9999 -9999 -9999 -9999 -9999 -9999 -9999 -9999 -9999 -9999 -9999 -9999 -9999 -9999
-4297.5 -4301.5 -4298.5 -4277 -4261.5 -4229.25 -4210.5 -4149.25 -4122.75 -4087.5 -4076.75 -4023.5 -3991.5 -3939.75 -3902.25 -3833.75 -3829 -3740.5 -3647.5 -3570 -3452.25 -3208.25 -3055.25 -2762.25 -2603 -2251 -2080.75 -1757.5 -1699.25 -1569 -1404 -1073 -1009 -715.25 -490 -278.5 -239.25 -202 -188.5 -152 -134 -97.25 -75.25 -33.6666666666667 -16 -16 -9999 -9999 -9999 -9999 -9999 -9999 -9999 -9999 -9999 -9999 -9999 -9999 -9999 -9999 -9999 -9999 -9999 -9999 -9999 -9999 -9999 -9999 -9999 -9999 -9999 -9999 -9999 -9999
-4340.5 -4332 -4334 -4322 -4313.5 -4293 -4272 -4204 -4201 -4137.5 -4112 -4082.5 -4057.5 -3985 -3951 -3886.5 -3871.5 -3810 -3770 -3666.5 -3592 -3229 -3050 -2729 -2613 -2473.5 -2390 -2249.5 -2220.5 -2088 -1978.5 -1347.5 -1137 -726.5 -491 -288.5 -251.5 -214.5 -195 -169 -144 -111.5 -87 -29.5 -16 -16 -9999 -9999 -9999 -9999 -9999 -9999 -9999 -9999 -9999 -9999 -9999 -9999 -9999 -9999 -9999 -9999 -9999 -9999 -9999 -9999 -9999 -9999 -9999 -9999 -9999 -9999 -9999 -9999
-4400.25 -4382.25 -4379 -4362.5 -4353.5 -4327.75 -4309.25 -4274.25 -4259.75 -4205.5 -4177.75 -4135.5 -4105 -4065.5 -4040.75 -3971.75 -3953.5 -3883 -3849 -3761.75 -3722 -3347.25 -3147.5 -2883.5 -2832.5 -2753 -2707.5 -2692.5 -2641.75 -2294.75 -2192.25 -1869.25 -1555.5 -796.25 -537 -312.25 -287.25 -248.5 -228.25 -177.75 -160 -120 -90.5 -31.6666666666667 -18 -18 -9999 -9999 -9999 -9999 -9999 -9999 -9999 -9999 -9999 -9999 -9999 -9999 -9999 -9999 -9999 -9999 -9999 -9999 -9999 -9999 -9999 -9999 -9999 -9999 -9999 -9999 -9999 -9999
-4429 -4426 -4420.5 -4401.5 -4392 -4375.5 -4360 -4302.5 -4278.5 -4239 -4232 -4230.5 -4174.5 -4134.5 -4096 -3968 -3966 -3967 -3916 -3860 -3818.5 -3517 -3315.5 -3115 -3079 -2978.5 -2956 -2934.5 -2731 -2613 -2656 -2203 -1771 -996 -656.5 -335.5 -297 -267.5 -242.5 -190 -157.5 -107 -89.5 -38 -38 -12 -20 -11 -11 -9999 -9999 -9999 -9999 -9999 -9999 -9999 -9999 -9999 -9999 -9999 -9999 -9999 -9999 -9999 -9999 -9999 -9999 -9999 -9999 -9999 -9999 -9999 -9999 -9999
-4454.5 -4454.25 -4453 -4442 -4428.5 -4394.25 -4371 -4355.25 -4336.25 -4318 -4286.5 -4254.25 -4239.5 -4171.25 -4157.5 -4102.25 -4079.25 -4025.75 -3993.5 -3929.5 -3918 -3777.75 -3590.25 -3331.75 -3280 -3165.75 -3182.5 -2992.75 -2883.5 -2965.5 -2874.25 -2426 -2088.25 -1316 -876 -372.5 -323 -283.75 -244.75 -209.5 -186.25 -146 -102 -102 0 -12 -20 -11 -11 -26 -9999 -9999 -9999 -9999 -9999 -9999 -9999 -9999 -9999 -9999 -9999 -9999 -9999 -9999 -9999 -9999 -9999 -9999 -9999 -9999 -9999 -9999 -9999 -9999
-4490 -4480.5 -4479.5 -4469 -4454 -4432.5 -4421 -4388.5 -4379 -4385 -4397.5 -4315.5 -4318.5 -4292 -4268.5 -4179 -4135.5 -4054 -4094.5 -4029.5 -3979 -3911 -3828.5 -3502.5 -3503.5 -3338.5 -3315.5 -3267 -3301.5 -3194.5 -2969 -2458 -2266 -1713 -1311 -512 -371.5 -291 -285.5 -249.5 -234.5 -191 -121 -121 -31 -37 -33.5 -28 -26 -26 -9999 -9999 -9999 -9999 -9999 -9999 -9999 -9999 -9999 -9999 -9999 -9999 -9999 -9999 -9999 -9999 -9999 -9999 -9999 -9999 -9999 -9999 -9999 -9999
-4516.75 -4511.25 -4510 -4496.75 -4491.75 -4478 -4467 -4451.25 -4424 -4373.25 -4368.25 -4344.5 -4291 -4286 -4324.25 -4212.25 -4131.75 -4098.5 -4170 -4070.75 -3999.75 -3919.25 -3866 -3672.25 -3623.75 -3535 -3515.75 -3371.25 -3168.25 -2836.25 -2793.5 -2698.25 -2545 -1948.25 -1553.25 -725.75 -529.25 -368.25 -333.25 -263.75 -265.5 -228.75 -169.25 -28.5 -24.5 -55.25 -61.25 -42 -23 -23 -34 -34 -9999 -9999 -9999 -9999 -9999 -9999 -9999 -9999 -9999 -9999 -9999 -9999 -9999 -9999 -9999 -9999 -9999 -9999 -9999 -9999 -9999 -9999
-4516 -4526 -4526.5 -4512 -4516 -4497.5 -4474 -4439 -4431.5 -4457.5 -4501.5 -4455 -4405 -4327.5 -4342 -4295.5 -4251.5 -4184.5 -4152.5 -4083 -4051.5 -3958 -3902.5 -3766.5 -3685 -3518.5 -3444.5 -3107.5 -2959.5 -2907.5 -2975 -2926 -2761.5 -2032.5 -1659.5 -1131 -852 -461 -390.5 -306.5 -288.5 -293.5 -264.5 -102.5 -37.5 -58 -75 -40 -2 -34.5 -34 -34 -34.75 -11 -11 -9999 -9999 -9999 -9999 -9999 -9999 -9999 -9999 -9999 -6 -46 -60.5 -60 -47.3333333333333 -66.75 -65.5 -61 -58.3333333333333 -49
-4549.5 -4522.5 -4523.5 -4522.5 -4528.25 -4513.75 -4513.25 -4491.75 -4482.75 -4473.25 -4467 -4457.25 -4450 -4408.5 -4383.75 -4342.5 -4289 -4233.25 -4195.25 -4165.5 -4152.75 -3985 -3972.25 -3878.5 -3777.25 -3500.5 -3405.5 -3252.75 -3239 -3238 -3100 -2663 -2377.75 -1922.5 -1793 -1584.25 -1389.5 -715.5 -515.25 -340.25 -298.75 -346 -335.75 -208 -160.75 -128 -118.25 -90.25 -87.25 -86 -76.5 -46 -34.75 -11 -11 -9999 -9999 -9999 -9999 -9999 -9999 -9999 -9999 -5 -6 -46 -60.5 -60 -47.3333333333333 -66.75 -65.5 -61 -58.3333333333333 -49
-4570.5 -4558.5 -4556 -4568.5 -4570 -4541.5 -4543 -4518.5 -4514.5 -4520 -4513 -4579 -4553.5 -4420 -4374.5 -4466.5 -4382 -4316.5 -4263.5 -4236 -4292 -4052.5 -3976.5 -3899 -3790.5 -3579 -3529 -3447 -3383.5 -3159 -2927.5 -2379 -2303 -2192 -2111.5 -1948.5 -1828.5 -1119.5 -808.5 -426 -359.5 -373.5 -400 -251 -206.5 -166.5 -159 -146.5 -139.5 -122 -111.5 -82.5 -59 -59 -23.6666666666667 -23.6666666666667 -9999 -9999 -9999 -9999 -9999 -18 -16.6666666666667 -5 -17.5 -58 -70 -76 -76.5 -76 -75 -69 -68 -66
-4600.75 -4577.5 -4588.5 -4556 -4524.75 -4537 -4529.5 -4540.75 -4550.75 -4560.75 -4568.5 -4582.5 -4542.75 -4508.25 -4451.5 -4437.75 -4400.5 -4324.75 -4306 -4259.5 -4191.25 -4089.75 -4040.25 -3900.5 -3809 -3664.5 -3586 -3421.75 -3294 -2904 -2740.75 -2595.5 -2580 -2456.5 -2443.5 -2191.25 -1989 -1490.75 -1262.5 -707.25 -535 -544.75 -499.75 -313.75 -231.75 -184.25 -176.75 -163.25 -158.5 -144 -126.5 -79.5 -47 -19.5 -23.6666666666667 -23.6666666666667 -15 -2.5 -5 -5 -12 -18 -16.6666666666667 -25.75 -42.25 -82 -85.75 -85.5 -84.5 -79.25 -76.5 -69.75 -68 -72.25
-4560 -4593.5 -4605 -4585.5 -4567 -4551.5 -4520.5 -4523 -4539 -4557.5 -4586 -4478 -4434 -4604 -4552.5 -4461.5 -4456.5 -4345.5 -4323.5 -4274 -4235.5 -4144 -4087 -3955 -3872 -3620.5 -3468.5 -3187.5 -3073 -3023.5 -3000.5 -2775 -2704 -2645 -2602 -2247 -2077.5 -1817 -1716 -1069.5 -914 -814 -663.5 -362.5 -283 -193 -187 -175 -168.5 -157 -147.5 -121 -111 -100 -87 -35 -15 -2.5 -5 -5 -12 -39.5 -59.5 -86 -84.5 -89 -90 -85 -85 -82.5 -80 -67 -71.5 -77
-4606.75 -4653 -4672.5 -4696.75 -4663.25 -4618.5 -4659.25 -4614.5 -4588.75 -4594.25 -4619.25 -4528.25 -4477.5 -4600.75 -4571.5 -4402.25 -4411.25 -4392 -4361.75 -4337 -4282.25 -4204.25 -4143.75 -3992.75 -3911.25 -3657.25 -3518.25 -3299.25 -3253 -3204.75 -3122.75 -3008 -2999 -2793.5 -2621.5 -2347.5 -2295.5 -2300.75 -2222 -1585 -1365.25 -978.75 -643 -412.25 -357.25 -226.25 -204.5 -197 -184 -169.75 -165.75 -153.5 -139.75 -114.25 -113 -91.75 -79 -48.5 -37.25 -28.5 -37 -61 -76.5 -95.5 -99 -99.5 -96.75 -91.75 -90.25 -85.75 -81.5 -76.25 -81.25 -84.5
-4653.5 -4688.5 -4682 -4687.5 -4680.5 -4742.5 -4721.5 -4682.5 -4721 -4633.5 -4650.5 -4637 -4579 -4521.5 -4526 -4514 -4509 -4455 -4415.5 -4390.5 -4358 -4242.5 -4222 -4059 -3995.5 -3757.5 -3650.5 -3490.5 -3404.5 -3335 -3269 -3161 -2964 -2693.5 -2624.5 -2544.5 -2586 -2629.5 -2486.5 -1699.5 -1640 -1462 -1142 -607.5 -430 -378.5 -282.5 -200.5 -192 -166 -174.5 -170.5 -166 -153 -150.5 -137 -123.5 -82.5 -65.5 -64 -84.5 -103.5 -103.5 -104.5 -101.5 -103 -97.5 -92 -85 -77.5 -78 -81 -85 -88.5
-4725.75 -4680.75 -4676.25 -4748 -4740.5 -4787.75 -4746.5 -4781.5 -4777.25 -4646 -4649.25 -4626.25 -4589.25 -4579.5 -4611 -4528.75 -4518.25 -4475.5 -4459.25 -4404.75 -4361 -4252 -4230.5 -4091 -4041.75 -3718 -3637.25 -3532.25 -3488.5 -3285 -3145 -2910.75 -2769.75 -2671.5 -2666.75 -2754 -2808.5 -2754.5 -2669.5 -2049.75 -1920.75 -1986.5 -1879.25 -1239.5 -885.75 -468 -370.5 -235.75 -226.5 -190.25 -180.25 -173.75 -168.75 -164.5 -159 -152.25 -146.75 -121 -98 -83.25 -104.5 -115.25 -117 -108.25 -108 -110.75 -105 -97 -78.5 -74.75 -80.5 -85.25 -84.25 -97
-4750.5 -4732 -4739.5 -4715 -4714 -4709.5 -4706.5 -4761 -4751 -4741.5 -4665.5 -4624 -4605 -4606.5 -4624.5 -4553.5 -4548.5 -4505 -4488 -4437.5 -4393 -4321.5 -4273 -4206 -4198 -3868 -3752.5 -3600 -3478 -3177 -3024.5 -2903.5 -2842 -2820 -2838 -2943.5 -2951.5 -2885.5 -2803.5 -2307 -2178.5 -2383 -2312.5 -1458 -955.5 -627 -469 -234.5 -286.5 -239.5 -204 -195 -172.5 -170 -170 -162 -158.5 -151 -144.5 -120.5 -127 -127.5 -129 -121 -114 -103.5 -102.5 -96 -92 -84 -85 -91 -96.5 -106
-4775 -4682.5 -4632.75 -4745.75 -4770.25 -4763 -4737 -4749.5 -4720.75 -4764.25 -4692 -4622.75 -4626.5 -4627 -4607.5 -4642 -4632 -4533.75 -4516 -4434.5 -4362.75 -4297.75 -4213.75 -4165.25 -4129.5 -3945.25 -3864.25 -3666.75 -3503.5 -3238.75 -3164.75 -3075.5 -3034.25 -3078.5 -3071.75 -3092.75 -3072 -2968.75 -2919.25 -2552 -2426 -2501.25 -2484.75 -1849.75 -1492 -1076 -816 -359.5 -278.25 -221.25 -210 -191.5 -186 -177.75 -178.5 -168 -166.5 -158 -152.75 -146.5 -142.25 -131.75 -123.25 -108.25 -100.75 -86.75 -79.25 -86.75 -90.75 -90.5 -111.75 -136.75 -106.5 -132
-4854 -4739.5 -4640 -4791 -4829 -4800.5 -4751.5 -4629.5 -4657.5 -4685.5 -4636.5 -4665 -4651 -4590.5 -4588 -4619.5 -4617.5 -4578.5 -4544.5 -4444 -4341.5 -4304 -4261 -4192.5 -4155 -4040 -3983 -3810.5 -3657.5 -3400.5 -3372 -3273 -3265.5 -3238.5 -3230.5 -3223.5 -3181 -3069 -3005.5 -2717 -2580.5 -2690 -2583.5 -2168 -1859.5 -1356.5 -1123.5 -551 -380.5 -281.5 -277.5 -157.5 -187.5 -178.5 -176 -172.5 -170.5 -165 -164 -154.5 -172.5 -145.5 -140 -128.5 -101 -81 -97 -92 -112.5 -91.5 -106 -109.5 -88 -86.5
-4837.5 -4821.75 -4739 -4746.75 -4788.75 -4764 -4744.5 -4758.75 -4715.5 -4713.25 -4786 -4745.75 -4635.25 -4628.75 -4672.25 -4637 -4631 -4546.25 -4542 -4457.75 -4414.25 -4480.75 -4395.5 -4265.5 -4190.75 -4083 -4057 -3910.25 -3802.75 -3708.75 -3613 -3459.5 -3450 -3407 -3359.25 -3377.5 -3285.75 -3176.5 -3189.25 -2958 -2867.25 -2816.5 -2710.5 -2493 -2249.25 -1715.25 -1376.25 -883.75 -669.75 -357.25 -220 -196.25 -199.75 -201.75 -192.25 -175.75 -179.75 -164 -164 -160.5 -161.25 -134.75 -129.75 -142 -136.5 -109.75 -100 -83.75 -83.5 -73 -80.25 -104.75 -117.5 -156.5
-4801 -4814.5 -4788 -4754 -4826 -4739 -4684 -4865 -4807.5 -4670.5 -4734 -4756 -4711 -4699 -4668 -4659 -4643.5 -4608 -4613 -4421.5 -4415.5 -4428.5 -4382 -4323 -4234.5 -4143.5 -4120.5 -4006.5 -3976 -3952 -3883.5 -3687.5 -3643 -3555 -3505 -3531 -3487.5 -3270.5 -3223.5 -3074 -2980.5 -2812.5 -2667 -2352.5 -2291.5 -2071 -1939.5 -1415.5 -1253.5 -731 -529 -242 -241.5 -196 -224 -181.5 -175 -165.5 -159.5 -165 -156.5 -159 -155 -138 -149 -127 -124.5 -101.5 -101 -104.5 -108 -122 -117.5 -120.5
-4843.25 -4859 -4873 -4803.75 -4784.75 -4796.75 -4808 -4767 -4765 -4754 -4752.5 -4744.25 -4735 -4712 -4695.5 -4679.75 -4627.25 -4641.75 -4646 -4533.5 -4496.5 -4437.75 -4420.25 -4388.75 -4319.5 -4196 -4134.25 -4070.25 -4081.25 -4047.25 -4026 -3941 -3864.25 -3689.5 -3624.25 -3481.25 -3415.25 -3300.5 -3208.75 -3000.25 -2971.5 -2761.25 -2629.5 -2504.75 -2534.5 -2518.25 -2528 -2243.75 -2016.25 -1292 -1024 -553.75 -319.75 -242 -245.5 -244 -231.5 -179.5 -166.5 -156.25 -155.25 -157.5 -157 -147 -151.75 -119.25 -101.25 -98 -106 -83.5 -92.5 -122 -114.75 -130
-4836 -4849 -4851.5 -4854.5 -4872.5 -4833.5 -4827.5 -4802.5 -4794.5 -4784 -4771.5 -4745.5 -4744.5 -4708.5 -4657 -4675.5 -4658.5 -4739 -4670.5 -4527.5 -4491.5 -4483 -4470 -4361.5 -4318.5 -4258 -4239.5 -4215.5 -4188.5 -4129.5 -4101.5 -4046.5 -4004 -3859 -3752.5 -3520 -3447 -3359 -3187.5 -2954 -2908.5 -2855.5 -2846.5 -2864 -2844 -2817.5 -2760 -2459.5 -2443 -1857 -1533 -1011.5 -739 -499 -377.5 -243.5 -233.5 -206.5 -180 -168.5 -167.5 -170 -150.5 -166 -141.5 -124 -113 -130 -104.5 -68 -78.5 -137 -139.5 -128
