data/raster/bathy.asc
NCOLS 201 
NROWS 101 
XLLCORNER 13.95 
YLLCORNER -36.0499999999994 
CELLSIZE 0.0999999999999943 
NODATA_value -9999 
[rows 66 to 98 of 101, columns 74 to 147 of 201]
-9999 -9999 -9999 -9999 -9999 -9999 -9999 -9999 -9999 -9999 -9999 -9999 -9999 -9999 -9999 -9999 -9999 -9999 -9999 -9999 -9999 -9999 -9999 -9999 -9999 -9999 -9999 -9999 -9999 -9999 -9999 -9999 -9999 -9999 -9999 -9999 -9999 -9999 -9999 -9999 -9999 -9999 -9999 -9999 -9999 -9999 -9999 -9999 -9999 -9999 -9999 -9999 -9999 -9999 -9999 -9999 -9999 -9999 -9999 -9999 -9999 -9999 -9999 -9999 -9999 -9999 -9999 -9999 -9999 -44 -51.6666666666667 -76 -83 -237.5
-9999 -9999 -9999 -9999 -9999 -9999 -9999 -9999 -9999 -9999 -9999 -9999 -9999 -9999 -9999 -9999 -9999 -9999 -9999 -9999 -9999 -9999 -9999 -9999 -9999 -9999 -9999 -9999 -9999 -9999 -9999 -9999 -9999 -9999 -9999 -9999 -9999 -9999 -9999 -9999 -9999 -9999 -9999 -9999 -9999 -9999 -9999 -9999 -9999 -9999 -9999 -9999 -9999 -9999 -9999 -9999 -9999 -9999 -9999 -9999 -9999 -9999 -9999 -9999 -9999 -9999 -9999 -9999 -34 -44 -51.6666666666667 -97 -193.25 -793.75
-9999 -9999 -9999 -9999 -9999 -9999 -9999 -9999 -9999 -9999 -9999 -9999 -9999 -9999 -9999 -9999 -9999 -9999 -9999 -9999 -9999 -9999 -9999 -9999 -9999 -9999 -9999 -9999 -9999 -9999 -9999 -9999 -9999 -9999 -9999 -9999 -9999 -9999 -9999 -9999 -9999 -9999 -9999 -9999 -9999 -9999 -9999 -9999 -9999 -9999 -9999 -9999 -9999 -9999 -9999 -9999 -9999 -9999 -9999 -9999 -9999 -9999 -9999 -9999 -9999 -9999 -9999 -67 -34 -55.5 -76.5 -329.5 -678.5 -1493
-9999 -9999 -9999 -9999 -9999 -9999 -9999 -9999 -9999 -9999 -9999 -9999 -9999 -9999 -9999 -9999 -9999 -9999 -9999 -9999 -9999 -9999 -9999 -9999 -9999 -9999 -9999 -9999 -9999 -9999 -9999 -9999 -9999 -9999 -9999 -9999 -9999 -9999 -9999 -9999 -9999 -9999 -9999 -9999 -9999 -9999 -9999 -9999 -9999 -9999 -9999 -9999 -9999 -9999 -9999 -9999 -9999 -9999 -9999 -9999 -9999 -9999 -9999 -9999 -9999 -34 -62 -67 -86 -130.25 -271.5 -1102 -1712.75 -2026
-9999 -9999 -9999 -9999 -9999 -9999 -9999 -9999 -9999 -9999 -9999 -9999 -9999 -9999 -9999 -9999 -9999 -9999 -9999 -9999 -9999 -9999 -9999 -9999 -9999 -9999 -9999 -9999 -9999 -9999 -9999 -9999 -9999 -9999 -9999 -9999 -9999 -9999 -9999 -9999 -9999 -9999 -9999 -9999 -9999 -9999 -9999 -9999 -9999 -9999 -9999 -9999 -9999 -9999 -9999 -9999 -9999 -9999 -9999 -9999 -9999 -9999 -9999 -24 -50.5 -34 -62 -95 -105.5 -436 -757.5 -1606 -2024 -2397.5
-9999 -9999 -9999 -9999 -9999 -9999 -9999 -9999 -9999 -9999 -9999 -9999 -9999 -9999 -9999 -9999 -9999 -9999 -9999 -9999 -9999 -9999 -9999 -9999 -9999 -9999 -9999 -9999 -9999 -9999 -9999 -9999 -9999 -9999 -9999 -9999 -9999 -9999 -9999 -9999 -9999 -9999 -9999 -9999 -9999 -9999 -9999 -9999 -9999 -9999 -9999 -9999 -9999 -9999 -9999 -9999 -9999 -9999 -9999 -9999 -9999 -9999 -8 -24 -50.5 -74 -86.5 -180 -466.75 -1179.5 -1399 -1754.75 -2088.25 -2573.5
-9999 -9999 -9999 -9999 -9999 -9999 -9999 -9999 -9999 -9999 -9999 -9999 -9999 -9999 -9999 -9999 -9999 -9999 -9999 -9999 -9999 -9999 -9999 -9999 -9999 -9999 -9999 -9999 -9999 -9999 -9999 -9999 -9999 -9999 -9999 -9999 -9999 -9999 -9999 -9999 -9999 -9999 -9999 -9999 -9999 -9999 -9999 -9999 -9999 -9999 -9999 -9999 -9999 -9999 -9999 -9999 -9999 -9999 -9999 -9999 -5 -66 -8 -65.5 -81.5 -91 -142.5 -793 -1354.5 -2150.5 -2381.5 -2403 -2593 -2837.5
-9999 -9999 -9999 -9999 -9999 -9999 -9999 -9999 -9999 -9999 -9999 -9999 -9999 -9999 -9999 -9999 -9999 -9999 -9999 -9999 -9999 -9999 -9999 -9999 -9999 -9999 -9999 -9999 -9999 -9999 -9999 -9999 -9999 -9999 -9999 -9999 -9999 -9999 -9999 -9999 -9999 -9999 -9999 -9999 -9999 -9999 -9999 -9999 -9999 -9999 -9999 -9999 -9999 -9999 -9999 -9999 -9999 -9999 -9999 -38 -5 -66 -70.5 -107 -170.5 -345.5 -675.75 -1724 -1884.5 -2232.75 -2492.25 -2922.75 -2926.25 -3099.75
-9999 -9999 -9999 -9999 -9999 -9999 -9999 -9999 -9999 -9999 -9999 -9999 -9999 -9999 -9999 -9999 -9999 -9999 -9999 -9999 -9999 -9999 -9999 -9999 -9999 -9999 -9999 -9999 -9999 -9999 -9999 -9999 -9999 -9999 -9999 -9999 -9999 -9999 -9999 -9999 -9999 -9999 -9999 -9999 -9999 -9999 -9999 -9999 -9999 -9999 -9999 -9999 -9999 -9999 -9999 -9999 -9999 -36 -59.6666666666667 -38 -57.5 -88 -92 -543.5 -1073.5 -1260.5 -1342 -2096.5 -2614.5 -2790.5 -2854.5 -2985 -3208.5 -3243.5
-9999 -9999 -9999 -9999 -9999 -9999 -9999 -9999 -9999 -9999 -9999 -9999 -9999 -9999 -9999 -9999 -9999 -9999 -9999 -9999 -9999 -9999 -9999 -9999 -9999 -9999 -9999 -9999 -9999 -9999 -9999 -9999 -9999 -9999 -9999 -9999 -9999 -9999 -9999 -9999 -9999 -9999 -9999 -9999 -9999 -9999 -9999 -9999 -9999 -9999 -9999 -9999 -9999 -9999 -9999 -2 -21.5 -36 -59.6666666666667 -96 -107 -152.5 -358 -1521.25 -2148.5 -2111.5 -2109.75 -1945.5 -2336.75 -3063 -3148.25 -3204 -3295 -3458.25
-9999 -9999 -9999 -9999 -9999 -9999 -9999 -9999 -9999 -9999 -9999 -9999 -9999 -9999 -9999 -9999 -9999 -9999 -9999 -9999 -9999 -9999 -9999 -9999 -9999 -9999 -9999 -9999 -9999 -9999 -9999 -9999 -9999 -9999 -9999 -9999 -9999 -9999 -9999 -9999 -9999 -9999 -9999 -9999 -9999 -9999 -9999 -9999 -9999 -9999 -9999 -9999 -16 -49.5 -52 -2 -21.5 -89 -90.5 -98.5 -118 -382 -780 -2182 -2680.5 -2353 -2375.5 -2564.5 -2598.5 -3081.5 -3356.5 -3528 -3544 -3594.5
-9999 -9999 -9999 -9999 -9999 -9999 -9999 -9999 -9999 -9999 -9999 -9999 -9999 -9999 -9999 -9999 -9999 -9999 -9999 -9999 -9999 -9999 -9999 -9999 -9999 -9999 -9999 -9999 -9999 -9999 -9999 -9999 -9999 -9999 -9999 -9999 -9999 -9999 -9999 -9999 -9999 -9999 -9999 -22 -26 -37 -42.5 -38 -23 -4 -3 -37 -16 -49.5 -52 -72.25 -87 -116.75 -190 -297 -494.75 -1232.5 -1605.25 -2094.5 -1981.5 -2433.5 -2839.75 -3039.5 -3145 -3409 -3587.25 -3731.5 -3709 -3724
-9999 -9999 -9999 -9999 -9999 -9999 -9999 -9999 -9999 -9999 -9999 -9999 -9999 -9999 -9999 -9999 -9999 -9999 -9999 -9999 -9999 -9999 -9999 -9999 -9999 -9999 -9999 -9999 -9999 -9999 -9999 -9999 -9999 -9999 -9999 -9999 -9999 -9999 -9999 -9999 -9999 -9999 -19 -22 -26 -37 -42.5 -38 -23 -4 -3 -37 -47 -77.5 -68 -77.5 -104 -98 -221.5 -833.5 -1388 -2233.5 -2256 -2241 -2303 -2889.5 -3176.5 -3400 -3588.5 -3703 -3720 -3767 -3764.5 -3773
-9999 -9999 -9999 -9999 -9999 -9999 -9999 -9999 -9999 -9999 -9999 -9999 -9999 -9999 -9999 -9999 -9999 -9999 -9999 -9999 -9999 -9999 -9999 -9999 -9999 -9999 -9999 -9999 -9999 -9999 -9999 -9999 -9999 -9999 -9999 -9999 -2 -7 -7 -9999 -9999 -9999 -19 -37.25 -44.5 -62.75 -67.25 -77 -89.6666666666667 -79 -96.5 -95.25 -110.75 -94.5 -90.75 -111 -144.25 -370.75 -612.5 -1427 -1790.25 -2409.75 -2668.25 -3065.25 -3116.5 -3502.5 -3590 -3689 -3715.75 -3727.5 -3727.75 -3731 -3760.5 -3794.5
-9999 -9999 -9999 -9999 -9999 -9999 -9999 -20 -41 -58.5 -59 -44.25 -47 -55.5 -48 -34 -36.5 -31.5 -22 -18.5 -39 -82.5 -88 -109 -82 -62 -86.5 -67 -30.5 -30.5 -9999 -9999 -9999 -9999 -9999 -29.25 -2 -7 -7 -77.6666666666667 -95 -101.5 -17 -47 -49.5 -78 -90.5 -101.5 -110 -110.5 -106 -92.5 -100 -88.5 -107 -253.5 -486 -1200.5 -1505 -1947.5 -2251.5 -2845 -2926 -3433.5 -3481 -3593.5 -3636.5 -3687 -3715 -3730.5 -3732.5 -3753 -3725 -3823.5
-9999 -9999 -9999 -9999 -9999 -9999 -9999 -20 -41 -58.5 -59 -44.25 -47 -55.5 -48 -34 -36.5 -31.5 -22 -18.5 -39 -82.5 -88 -109 -82 -62 -86.5 -67 -30.5 -30.5 -25 -25 -9999 -9999 -22 -29.25 -43.75 -76.25 -75.75 -77.6666666666667 -95 -101.5 -73.6666666666667 -81.5 -97.75 -106.75 -102.75 -119.75 -124.75 -117.5 -111.5 -81 -97.75 -210.75 -378.5 -811.75 -1163.25 -1867 -2021.25 -2289.5 -2621.25 -3191 -3308.5 -3571.25 -3622.25 -3643.75 -3680.75 -3748.75 -3738.5 -3742 -3643.25 -3687.5 -3788.75 -3769.5
-9999 -9999 -9999 -9999 -9999 -34.6666666666667 -53.25 -25 -52.5 -58.5 -68 -68 -70 -75.5 -74.5 -68.5 -80 -94.5 -109 -111 -103 -95.5 -97.5 -101 -97 -101.5 -82.5 -91 -74.5 -54 -25 -25 -96.75 -94.5 -22 -57.5 -73 -102.5 -111 -118.5 -115 -109 -102.5 -106 -111.5 -122 -115 -118 -118 -110 -119 -30.5 -151 -612 -879 -1439 -1706 -2580 -2861.5 -2918 -3079.5 -3445.5 -3239.5 -3470 -3601 -3671 -3696 -3808.5 -3737.5 -3717.5 -3667.5 -3763.5 -3796 -3810
-9999 -5 -5 -9999 -23 -34.6666666666667 -53.25 -64.5 -70.5 -74.5 -73.75 -74.75 -76.25 -92.5 -90.25 -97 -91.25 -100.5 -104.5 -95.5 -99 -108.75 -104.75 -114.75 -121.75 -103.75 -95 -124 -103.75 -104 -97.5 -96.5 -96.75 -94.5 -96.75 -115.75 -116.75 -118.75 -117.25 -113.25 -108.5 -105.75 -99.5 -112 -106.5 -113.25 -117 -113.5 -142.5 -198 -367.5 -1334 -1302.75 -1586.75 -1843.5 -2257 -2375 -2847.75 -3146 -3636.25 -3646.25 -3593.5 -3562 -3624.75 -3658 -3698.75 -3755 -3864 -4003.25 -3822.25 -3824.25 -3782 -3707.75 -4002
-56 -5 -5 -58 -23 -54 -69.5 -85 -83 -81.5 -87.5 -121 -109.5 -84.5 -87 -100.5 -93 -105 -110.5 -106.5 -109 -112 -118.5 -82.5 -102 -123.5 -111 -108 -117.5 -117 -112 -118 -115.5 -122 -119 -125.5 -126.5 -127 -125 -127 -135.5 -153 -154 -172.5 -162 -234 -184.5 -561 -955.5 -1139.5 -1484 -2212.5 -2383.5 -2339 -2323.5 -2923.5 -3233 -3384 -3554.5 -3639.5 -3617.5 -3679 -3672 -3711.5 -3729.5 -3808.5 -3888.5 -3890 -3983 -3951 -4025.5 -3886.5 -3888 -4037
-56 -66.75 -70.75 -58 -65.5 -78 -77.75 -72.75 -74 -86 -82.5 -106.75 -101 -98.75 -99.75 -105.25 -97.75 -108 -110 -107.75 -111.75 -114.25 -113.25 -111.5 -113.5 -128.25 -124.25 -125.5 -123.75 -124.5 -124.75 -114.5 -123.5 -124.75 -125.25 -111.25 -121 -128.5 -145.25 -219.5 -277 -457.75 -508.75 -741.25 -726.75 -1004 -1083.75 -1416.25 -1810.5 -1922.75 -1951 -2051.75 -2417.75 -2824.75 -2937.75 -3382.75 -3523.25 -3707.5 -3752.5 -3812.25 -3728.5 -3752.75 -3749.5 -3809.75 -3845 -4006.75 -4082 -3933 -3967 -4053 -4040.25 -4070 -4085.5 -4071.75
-67 -71.5 -72 -71 -74.5 -75.5 -81.5 -85 -75.5 -94 -94.5 -104 -101 -104 -107.5 -115 -113 -140.5 -107.5 -117 -108.5 -116.5 -121.5 -127 -128.5 -120 -118.5 -116.5 -113 -115.5 -122.5 -106 -72.5 -147 -142.5 -150.5 -193 -356 -412 -601.5 -894 -2035 -2408 -1686.5 -1795 -1891 -1854.5 -1908.5 -2125 -2722.5 -2667.5 -2628 -2887.5 -3460.5 -3578.5 -3787.5 -3839.5 -4012.5 -3875.5 -3926 -3849.5 -3921.5 -3915.5 -3903 -3949 -3995.5 -3972 -4081 -4077 -4100 -4147.5 -4149 -4174 -4132
-71.5 -73.75 -75.75 -79.25 -83.75 -81 -88.75 -91.5 -95 -104.25 -106.5 -114 -119 -113.5 -116.75 -116.75 -118 -120.75 -121 -128.75 -131.5 -134 -131.25 -128.25 -133 -130.75 -127.75 -139 -142.5 -154.5 -138.75 -149.5 -211.5 -387.5 -311 -150.5 -236.25 -251 -587.25 -1325.25 -1693.25 -2372.25 -2127 -2109.5 -2241.5 -2300.25 -2173.25 -2412 -2464 -2911.75 -3266.75 -3500.5 -3409.75 -3755 -3945.25 -3940.5 -4010.25 -4077 -3914.75 -3953 -3958.5 -3992.75 -4004.25 -4061.25 -4048 -4138.75 -4140.75 -4238.5 -4227 -4223 -4265.5 -4255.75 -4250.25 -4266.25
-80 -78 -83.5 -93.5 -95.5 -105 -105.5 -109 -109 -111 -124 -116.5 -119 -123 -118 -119.5 -123 -130.5 -139.5 -127 -137 -171.5 -160.5 -162.5 -169.5 -182.5 -190 -212 -250 -273.5 -288 -286 -309 -442 -487 -390.5 -597 -1276.5 -2360 -1851 -1793.5 -1992 -2057.5 -2468 -2849.5 -3051.5 -2821.5 -3069.5 -3004.5 -3421.5 -3686 -3837 -3903.5 -3955.5 -4010.5 -4084 -4119 -4065 -4070.5 -4059.5 -4094.5 -4123 -4152.5 -4117 -4155.5 -4251 -4296.5 -4249.5 -4308.5 -4389 -4486 -4353 -4315 -4408.5
-85 -90.75 -91.75 -97.5 -99.5 -101.5 -100.5 -98.25 -102.25 -109.75 -116.25 -120.75 -128.5 -136.5 -140 -139.25 -156.25 -159.75 -186.5 -206.75 -185.5 -241.25 -272 -274.25 -303.5 -384.75 -381.75 -358.75 -384.75 -481.25 -427.5 -531.25 -590.5 -764.25 -838.5 -2212 -2405 -2432.5 -2042.75 -2101.75 -2208.25 -2360.75 -2479.75 -3368.5 -3649.25 -3574.75 -3509.25 -3706.25 -3776.25 -3938 -3969.75 -3966.75 -3991 -4187.25 -4179.25 -4219.5 -4314.25 -4230 -4223 -4230.75 -4209.75 -4244 -4244.25 -4259.5 -4315.5 -4330 -4318 -4411 -4477 -4345 -4340.75 -4284.75 -4292.75 -4430
-91 -99 -101 -109.5 -111.5 -109 -106 -107 -107.5 -116 -118.5 -134 -144 -157 -172.5 -198 -208 -179 -208.5 -349 -303 -403.5 -452 -530.5 -591 -712 -760 -801.5 -817.5 -873 -925.5 -1089.5 -1158 -2235 -3259.5 -2353.5 -1965.5 -2142 -2183.5 -2516.5 -2806 -3462 -3735 -3924.5 -3887 -3911 -3916 -4058.5 -4046 -4012.5 -4063.5 -4173.5 -4129 -4202 -4205 -4219.5 -4259.5 -4268.5 -4276.5 -4309.5 -4316 -4321.5 -4318.5 -4337.5 -4349 -4380.5 -4396.5 -4299 -4317.5 -4397.5 -4379.5 -4375 -4408.5 -4444
-100 -113.5 -116.75 -117.75 -118.25 -114.75 -118.25 -110 -111.5 -120.75 -111 -165 -179.25 -215 -224.75 -274.75 -344.25 -408.25 -464 -533.5 -621.25 -699 -739.5 -977 -1049.5 -1138.5 -1166.5 -1256.25 -1299.5 -1326 -1339.5 -1819.75 -2302.5 -2844.5 -2429.75 -2027.75 -2156.75 -2463.25 -2685 -3755.75 -3963.25 -4143.5 -4137.75 -4092 -4079.25 -4132.75 -4155.75 -4144.25 -4157 -4192.75 -4212.75 -4113.5 -4135.5 -4304.5 -4282.5 -4267 -4303.5 -4240.75 -4299.5 -4353.5 -4370.75 -4340.5 -4351.5 -4350.5 -4321 -4489.75 -4536 -4412.5 -4411.5 -4492.25 -4450.75 -4411.25 -4422.75 -4443.25
-111 -121 -122.5 -124 -121.5 -127 -128.5 -121.5 -120 -148 -155.5 -192.5 -224 -277.5 -348.5 -528.5 -646 -726 -830.5 -946.5 -1010 -1219 -1335.5 -1489.5 -1499.5 -1507 -1530.5 -1660.5 -1738.5 -2550.5 -3007.5 -2194.5 -1948.5 -2041.5 -2097 -2337 -2449.5 -3077 -3855 -4534 -4307 -4166 -4145 -4176 -4232 -4277 -4210.5 -4215.5 -4245.5 -4066 -4168 -4232 -4239 -4346 -4220.5 -4227 -4376.5 -4313 -4340.5 -4352 -4339.5 -4376 -4395.5 -4440 -4429 -4672.5 -4640 -4438 -4439.5 -4413 -4410 -4427 -4435.5 -4521
-124 -104.5 -113.25 -115 -114.5 -132 -136 -122.75 -123.25 -153.75 -167.25 -273.5 -304.25 -469.25 -569.25 -705.75 -833 -1085.5 -1169.5 -1404.75 -1506.5 -1539.25 -1463.5 -1510.75 -1468.5 -1889 -1934.75 -2373.5 -2787.25 -2637.25 -2058.25 -1861.75 -1945.5 -2373 -2550 -3266.25 -3603.75 -4204 -4176.5 -3989.75 -3996 -4100 -4126.75 -4115.25 -4169.75 -4219 -4158.5 -4187.25 -4183 -4158.5 -4317.5 -4290 -4285.25 -4362.75 -4352.25 -4351.5 -4365.75 -4361 -4386 -4366.75 -4411.5 -4491.5 -4391.75 -4523.25 -4486.75 -4453.25 -4445.75 -4416.75 -4412 -4401.25 -4406 -4487.5 -4501 -4503.75
-133 -114 -98.5 -108.5 -131 -134.5 -118 -129 -136 -178.5 -219 -352.5 -471 -663.5 -708.5 -1001 -1157 -1387 -1472 -1695 -1777 -1639 -1515.5 -1701.5 -1656.5 -1967 -1887 -1962.5 -1950 -1811 -1762 -2059 -2215 -2859 -3272.5 -4221.5 -4253 -3909.5 -3989 -3898.5 -3808 -4149.5 -4212.5 -4159 -4176.5 -4175.5 -4184 -4196.5 -4234.5 -4291 -4422.5 -4348.5 -4363 -4440.5 -4418.5 -4466.5 -4475.5 -4474.5 -4470 -4479 -4525.5 -4518.5 -4473 -4474 -4453.5 -4440 -4441.5 -4407 -4359.5 -4487 -4496.5 -4401.5 -4396 -4438.5
-193.25 -144 -135 -135.25 -147.5 -178 -183.5 -138.25 -119.5 -182.5 -292.25 -577.5 -745.25 -930.75 -1024.75 -1313.75 -1422.25 -1609.75 -1653.25 -1741 -1794.25 -1802 -1760 -1831.25 -1927.5 -1990.25 -1993.5 -1936.25 -1880 -1795.25 -1949.25 -2576 -2879.75 -3544.25 -4032.75 -4052.5 -3883.25 -3786.75 -3973 -4262.25 -4130.25 -4233.25 -4388.5 -4407.25 -4357 -4358.25 -4347 -4419.5 -4410 -4395.25 -4431.25 -4449.5 -4473.75 -4514.25 -4530.25 -4532.5 -4561 -4628.25 -4664 -4644.75 -4618.5 -4576 -4560.25 -4526 -4514.75 -4483 -4426 -4483.25 -4412.75 -4576 -4614 -4483 -4458.25 -4393.5
-134 -130.5 -142 -145.5 -154.5 -190 -228.5 -120.5 -87 -224.5 -444 -608 -684 -998.5 -1135 -1463.5 -1564.5 -1703.5 -1775.5 -1884.5 -1891.5 -1992.5 -1999 -2062.5 -2115 -2070 -1982 -1998 -2145 -2205 -2424.5 -3006.5 -3636 -4508 -4475 -3889 -3805.5 -4168.5 -4228 -4425 -4416 -4361 -4566 -4581.5 -4472.5 -4466.5 -4509 -4612.5 -4630.5 -4538.5 -4570.5 -4556 -4557.5 -4576.5 -4585.5 -4594.5 -4643 -4718 -4680 -4614 -4617 -4639.5 -4647.5 -4647.5 -4539.5 -4549.5 -4551 -4555 -4542.5 -4592.5 -4567 -4538.5 -4612 -4567
-153.5 -130.5 -139 -95 -120 -171 -194.25 -199 -219 -504.25 -645.5 -753.75 -831.75 -1238.25 -1372.75 -1518.75 -1593.25 -1819.5 -1917.75 -1968.75 -2003.75 -2193 -2289.25 -2156.75 -2136.5 -2179.25 -2262 -2380 -2443.25 -2685 -3242 -3623 -3715 -4291.25 -4491.75 -4354.25 -4306 -4487.5 -4565.75 -4563.75 -4500.25 -4538.25 -4593 -4536.75 -4626.25 -4564.75 -4580.5 -4678 -4713 -4611.75 -4593.75 -4606.75 -4617.25 -4628 -4631 -4660 -4655.25 -4636.5 -4642 -4679.5 -4682.75 -4656.25 -4623 -4685.5 -4645.25 -4662 -4621.5 -4572.75 -4562.5 -4579 -4550.5 -4590.75 -4607 -4614.5
-129.5 -124.5 -120.5 -156.5 -168 -199 -220 -240.5 -280 -854 -1118.5 -1383.5 -1495 -1620 -1715.5 -1827 -1849 -2061 -2195.5 -2220.5 -2214.5 -2225.5 -2226.5 -2275.5 -2262.5 -2274.5 -2313.5 -3233 -3734 -3926.5 -4009.5 -4514 -4689 -4680 -4676.5 -4778 -4721 -4578 -4621.5 -4664 -4635 -4577.5 -4535 -4544.5 -4571 -4603 -4635.5 -4662 -4659.5 -4667.5 -4664 -4670.5 -4669 -4651.5 -4649.5 -4626 -4649.5 -4701.5 -4706.5 -4719.5 -4726 -4654 -4689 -4669.5 -4650 -4695 -4642 -4573 -4576.5 -4617.5 -4646 -4705 -4663 -4615.5
