data/raster/bathy.asc
NCOLS 201 
NROWS 101 
XLLCORNER 13.95 
YLLCORNER -36.0499999999994 
CELLSIZE 0.0999999999999943 
NODATA_value -9999 
[rows 33 to 65 of 101, columns 0 to 73 of 201]
-1629.25 -1286.5 -1089 -713 -593.75 -397.25 -333.25 -231 -206.5 -182.25 -195.5 -178.75 -183.5 -189.5 -183.75 -179.5 -180.75 -175.75 -174.5 -179.5 -173.75 -165 -158 -141.75 -137.5 -127.75 -122 -86 -71.5 -71.5 -9999 -9999 -9999 -9999 -9999 -9999 -9999 -9999 -9999 -9999 -9999 -9999 -9999 -9999 -9999 -9999 -9999 -9999 -9999 -9999 -9999 -9999 -9999 -9999 -9999 -9999 -9999 -9999 -9999 -9999 -9999 -9999 -9999 -9999 -9999 -9999 -9999 -9999 -9999 -9999 -9999 -9999 -9999 -9999
-1747 -1338.5 -1134.5 -786.5 -691 -424 -380.5 -229.5 -212.5 -177 -175.5 -170 -180 -201.5 -189 -182 -182 -178 -175.5 -179.5 -172.5 -163 -157.5 -145.5 -141 -129 -126.5 -102 -65 -65 -14 -9999 -9999 -9999 -9999 -9999 -9999 -9999 -9999 -9999 -9999 -9999 -9999 -9999 -9999 -9999 -9999 -9999 -9999 -9999 -9999 -9999 -9999 -9999 -9999 -9999 -9999 -9999 -9999 -9999 -9999 -9999 -9999 -9999 -9999 -9999 -9999 -9999 -9999 -9999 -9999 -9999 -9999 -9999
-1885.75 -1349.5 -1128.75 -829.25 -688.25 -468.25 -393.75 -304.25 -282.5 -224.75 -223.5 -214.5 -187 -210.75 -190 -174.75 -177.25 -179.5 -179 -182.75 -178.75 -166.5 -162 -152.25 -148.25 -139.75 -131 -114.25 -89.5 -14 -14 -9999 -9999 -9999 -9999 -9999 -9999 -9999 -9999 -9999 -9999 -9999 -9999 -9999 -9999 -9999 -9999 -9999 -9999 -9999 -9999 -9999 -9999 -9999 -9999 -9999 -9999 -9999 -9999 -9999 -9999 -9999 -9999 -9999 -9999 -9999 -9999 -9999 -9999 -9999 -9999 -9999 -9999 -9999
-1780 -1331 -1105.5 -897 -713 -464 -406 -370.5 -325.5 -264 -245 -224.5 -204 -185 -176 -168 -179 -177.5 -182.5 -182 -177.5 -169 -167.5 -156 -151.5 -148.5 -138 -125 -114 -42 -42 -22 -9999 -9999 -9999 -9999 -9999 -9999 -9999 -9999 -9999 -9999 -9999 -9999 -9999 -9999 -9999 -9999 -9999 -9999 -9999 -9999 -9999 -9999 -9999 -9999 -9999 -9999 -9999 -9999 -9999 -9999 -9999 -9999 -9999 -9999 -9999 -9999 -9999 -9999 -9999 -9999 -9999 -9999
-1685.25 -1242.5 -949.5 -760.75 -782 -563.5 -509.75 -383.25 -339.75 -322 -277.75 -268.25 -202 -178.75 -178.5 -169.75 -179.75 -182 -185.25 -186.25 -181.25 -171.75 -169.5 -167 -159.25 -153.75 -144.5 -127.75 -121.75 -60 -22 -22 -9999 -9999 -9999 -9999 -9999 -9999 -9999 -9999 -9999 -9999 -9999 -9999 -9999 -9999 -9999 -9999 -9999 -9999 -9999 -9999 -9999 -9999 -9999 -9999 -9999 -9999 -9999 -9999 -9999 -9999 -9999 -9999 -9999 -9999 -9999 -9999 -9999 -9999 -9999 -9999 -9999 -9999
-1730 -1274.5 -1104 -860 -737.5 -580.5 -509.5 -468.5 -434.5 -365.5 -362.5 -240 -218.5 -202 -196 -199.5 -192.5 -190.5 -187.5 -188.5 -170.5 -183 -177 -165 -161.5 -156 -150 -133.5 -128.5 -84 -51 -51 -9999 -9999 -9999 -9999 -9999 -9999 -9999 -9999 -9999 -9999 -9999 -9999 -9999 -9999 -9999 -9999 -9999 -9999 -9999 -9999 -9999 -9999 -9999 -9999 -9999 -9999 -9999 -9999 -9999 -9999 -9999 -9999 -9999 -9999 -9999 -9999 -9999 -9999 -9999 -9999 -9999 -9999
-1870.25 -1421.5 -1208.25 -878 -731.25 -546.25 -484.75 -431.75 -402.25 -394.75 -367.25 -275.5 -236 -210 -217.25 -195.75 -177 -192 -192.25 -185.75 -179.5 -182.75 -179.25 -176.25 -174.25 -162.75 -156.25 -135.25 -132.25 -112 -73.6666666666667 -73.6666666666667 -9999 -9999 -9999 -9999 -9999 -9999 -9999 -9999 -9999 -9999 -9999 -9999 -9999 -9999 -9999 -9999 -9999 -9999 -9999 -9999 -9999 -9999 -9999 -9999 -9999 -9999 -9999 -9999 -9999 -9999 -9999 -9999 -9999 -9999 -9999 -9999 -9999 -9999 -9999 -9999 -9999 -9999
-1661.5 -1573 -1365 -946.5 -774 -541.5 -502 -462 -445 -440 -404 -277 -239.5 -219 -201 -172.5 -191.5 -194.5 -186.5 -200.5 -195 -180.5 -179 -182 -181.5 -171.5 -163.5 -146.5 -138 -124 -79 -79 -21 -9999 -9999 -9999 -9999 -9999 -9999 -9999 -9999 -9999 -9999 -9999 -9999 -9999 -9999 -9999 -9999 -9999 -9999 -9999 -9999 -9999 -9999 -9999 -9999 -9999 -9999 -9999 -9999 -9999 -9999 -9999 -9999 -9999 -9999 -9999 -9999 -9999 -9999 -9999 -9999 -9999
-1447.5 -1466.5 -1361.25 -1072 -899.75 -638.75 -554 -485 -483 -478.5 -431.25 -313 -295 -243.75 -234.75 -216 -209.5 -204.5 -197 -197.5 -192.75 -186 -186 -184.75 -180 -179 -176.75 -152.75 -145.75 -130.75 -122 -21 -21 -9999 -9999 -9999 -9999 -9999 -9999 -9999 -9999 -9999 -9999 -9999 -9999 -9999 -9999 -9999 -9999 -9999 -9999 -9999 -9999 -9999 -9999 -9999 -9999 -9999 -9999 -9999 -9999 -9999 -9999 -9999 -9999 -9999 -9999 -9999 -9999 -9999 -9999 -9999 -9999 -9999
-1910 -1630 -1504.5 -1278.5 -1083.5 -751 -643 -543.5 -503.5 -475 -459.5 -311.5 -298 -263.5 -244.5 -229.5 -220.5 -213 -211 -208.5 -204.5 -198.5 -193.5 -189.5 -186 -190.5 -187 -167 -153 -132 -127.5 -118 -118 -29.5 -9999 -9999 -9999 -9999 -9999 -9999 -9999 -9999 -9999 -9999 -9999 -9999 -9999 -9999 -9999 -9999 -9999 -9999 -9999 -9999 -9999 -9999 -9999 -9999 -9999 -9999 -9999 -9999 -9999 -9999 -9999 -9999 -9999 -9999 -9999 -9999 -9999 -9999 -9999 -9999
-1996 -1809 -1681.5 -1462.75 -1263.75 -877.5 -763.25 -604.5 -545 -458.75 -411.75 -308.5 -284 -268.5 -261 -256.75 -243.5 -224 -226.25 -217.5 -215.5 -210.75 -208.25 -201.25 -199.5 -199 -194.75 -176.25 -163.75 -148.25 -141.5 -80 -29.5 -29.5 -9999 -9999 -9999 -9999 -9999 -9999 -9999 -9999 -9999 -9999 -9999 -9999 -9999 -9999 -9999 -9999 -9999 -9999 -9999 -9999 -9999 -9999 -9999 -9999 -9999 -9999 -9999 -9999 -9999 -9999 -9999 -9999 -9999 -9999 -9999 -9999 -9999 -9999 -9999 -9999
-2247 -2056 -1949 -1595.5 -1412 -1101 -976 -728.5 -657 -524 -461.5 -358 -321.5 -291.5 -273 -285 -277 -239.5 -237.5 -232.5 -232 -222 -222.5 -217.5 -216 -208 -198.5 -189 -177.5 -156 -146.5 -133 -62.5 -62.5 -12 -9999 -9999 -9999 -9999 -9999 -9999 -9999 -9999 -9999 -9999 -9999 -9999 -9999 -9999 -9999 -9999 -9999 -9999 -9999 -9999 -9999 -9999 -9999 -9999 -9999 -9999 -9999 -9999 -9999 -9999 -9999 -9999 -9999 -9999 -9999 -9999 -9999 -9999 -9999
-2478.25 -2245 -2109.75 -1869 -1683.5 -1341.75 -1207 -973 -881.25 -678.25 -596.25 -438 -353.25 -327 -309.25 -282.75 -277 -288.75 -282.5 -259.75 -245.75 -241.5 -236.25 -230.25 -226.25 -214.5 -204.5 -194.5 -180.25 -162.75 -152.75 -139.75 -106.5 -12 -12 -9999 -9999 -9999 -9999 -9999 -9999 -9999 -9999 -9999 -9999 -9999 -9999 -9999 -9999 -9999 -9999 -9999 -9999 -9999 -9999 -9999 -9999 -9999 -9999 -9999 -9999 -9999 -9999 -9999 -9999 -9999 -9999 -9999 -9999 -9999 -9999 -9999 -9999 -9999
-2512.5 -2317 -2250.5 -1991 -1865 -1583 -1404 -1188.5 -1140.5 -967.5 -842 -594.5 -505 -347 -329.5 -301 -280 -299 -275 -268.5 -253 -255.5 -251 -240 -235.5 -219.5 -209.5 -198.5 -186 -169 -158.5 -144.5 -132 -32 -32 -31.5 -9999 -9999 -9999 -9999 -9999 -9999 -9999 -9999 -9999 -9999 -9999 -9999 -9999 -9999 -9999 -9999 -9999 -9999 -9999 -9999 -9999 -9999 -9999 -9999 -9999 -9999 -9999 -9999 -9999 -9999 -9999 -9999 -9999 -9999 -9999 -9999 -9999 -9999
-2532.75 -2392 -2375.25 -2244.25 -2096.75 -1787.75 -1666.75 -1567.5 -1559.75 -1439.5 -1263.75 -861.25 -715.25 -446.25 -381.5 -291.25 -268.5 -207.25 -202.25 -221.75 -251.5 -234.5 -246 -248.75 -242.75 -229.75 -225.75 -211.75 -197.75 -176.25 -165.25 -150.75 -142.25 -76.25 -31.5 -31.5 -9999 -9999 -9999 -9999 -9999 -9999 -9999 -9999 -9999 -9999 -9999 -9999 -9999 -9999 -9999 -9999 -9999 -9999 -9999 -9999 -9999 -9999 -9999 -9999 -9999 -9999 -9999 -9999 -9999 -9999 -9999 -9999 -9999 -9999 -9999 -9999 -9999 -9999
-2567.5 -2513.5 -2450 -2347.5 -2253 -2046.5 -1917.5 -1950.5 -1948.5 -1794 -1583.5 -1201.5 -1025 -531.5 -408.5 -320 -254 -198.5 -192.5 -235 -272 -246.5 -256 -259.5 -251 -235.5 -231.5 -221.5 -208.5 -185 -178 -157 -146 -130 -79 -79 -17.5 -9999 -9999 -9999 -9999 -9999 -9999 -9999 -9999 -9999 -9999 -9999 -9999 -9999 -9999 -9999 -9999 -9999 -9999 -9999 -9999 -9999 -9999 -9999 -9999 -9999 -9999 -9999 -9999 -9999 -9999 -9999 -9999 -9999 -9999 -9999 -9999 -9999
-2679.75 -2606 -2589.75 -2468.5 -2368.75 -2155.25 -2106.75 -2115.5 -2092.75 -1934.5 -1777.5 -1425 -1176.5 -801.75 -653.25 -417 -355.5 -158.75 -125.5 -151.25 -216.5 -290 -284.25 -269.75 -265.5 -247.75 -244.75 -225.75 -216.5 -187.25 -187.5 -165 -155 -135.25 -123.5 -17.5 -17.5 -17 -9999 -9999 -9999 -9999 -9999 -9999 -9999 -9999 -9999 -9999 -9999 -9999 -9999 -9999 -9999 -9999 -9999 -9999 -9999 -9999 -9999 -9999 -9999 -9999 -9999 -9999 -9999 -9999 -9999 -9999 -9999 -9999 -9999 -9999 -9999 -9999
-2756 -2707.5 -2610.5 -2477.5 -2401 -2249 -2180 -2119.5 -2164 -1997.5 -1921.5 -1429.5 -1159 -919 -795 -590 -458.5 -353 -212.5 -183.5 -258.5 -316 -307 -279.5 -279 -258 -247.5 -233 -224.5 -197 -194 -180 -167.5 -137.5 -137 -29 -17 -17 -9999 -9999 -9999 -9999 -9999 -9999 -9999 -9999 -9999 -9999 -9999 -9999 -9999 -9999 -9999 -9999 -9999 -9999 -9999 -9999 -9999 -9999 -9999 -9999 -9999 -9999 -9999 -9999 -9999 -9999 -9999 -9999 -9999 -9999 -9999 -9999
-2778.25 -2680 -2593.75 -2493.5 -2449.5 -2342.75 -2317.5 -2250 -2241.25 -2066.5 -1851 -1420.25 -1298.5 -1063.75 -925 -616.25 -511.75 -431.25 -430 -267.25 -262 -294.5 -308.25 -309.25 -295.5 -269 -253.75 -236 -230 -209.25 -200 -189 -180.75 -159 -142.5 -83.5 -27.25 -27.25 -11 -9999 -9999 -9999 -9999 -9999 -9999 -9999 -9999 -9999 -9999 -9999 -9999 -9999 -9999 -9999 -9999 -9999 -9999 -9999 -9999 -9999 -9999 -9999 -9999 -9999 -9999 -9999 -9999 -9999 -9999 -9999 -9999 -9999 -9999 -9999
-2792.5 -2714 -2668 -2616 -2566 -2482.5 -2469 -2356 -2286.5 -2061.5 -1875 -1557.5 -1425 -1165 -992.5 -731.5 -602.5 -442.5 -461 -439 -376.5 -386.5 -391.5 -339.5 -311 -282.5 -262.5 -233.5 -234.5 -221 -211.5 -195 -189 -172.5 -153.5 -130.5 -82.5 -11 -11 -27 -9999 -9999 -9999 -9999 -9999 -9999 -9999 -9999 -9999 -9999 -9999 -9999 -9999 -9999 -9999 -9999 -9999 -9999 -9999 -9999 -9999 -9999 -9999 -9999 -9999 -9999 -9999 -9999 -9999 -9999 -9999 -9999 -9999 -9999
-2883.5 -2801.75 -2751 -2710.25 -2663.25 -2578 -2537.75 -2423.25 -2370.5 -2071.75 -1898.75 -1625.75 -1470 -1123.5 -982.75 -799.5 -694.75 -520.25 -497 -503.5 -486.5 -414 -379 -331.25 -325.25 -302 -276 -250.75 -241.75 -230.25 -225.25 -211 -200.25 -178 -164 -136.5 -125.25 -60.3333333333333 -27 -27 -9999 -9999 -9999 -9999 -9999 -9999 -9999 -9999 -9999 -9999 -9999 -9999 -9999 -9999 -9999 -9999 -9999 -9999 -9999 -9999 -9999 -9999 -9999 -9999 -9999 -9999 -9999 -9999 -9999 -9999 -9999 -9999 -9999 -9999
-3023 -2908.5 -2872.5 -2801.5 -2739.5 -2626.5 -2585 -2485 -2444.5 -2110.5 -1931.5 -1601.5 -1432 -1165 -1044.5 -849.5 -749.5 -615 -552.5 -536 -547.5 -451 -404.5 -346.5 -331.5 -314.5 -295 -284.5 -273.5 -253.5 -247 -229.5 -211.5 -182.5 -167 -136.5 -127.5 -97.5 -45.5 -45.5 -29 -29 -9999 -9999 -9999 -9999 -9999 -9999 -9999 -9999 -9999 -9999 -9999 -9999 -9999 -9999 -9999 -9999 -9999 -9999 -9999 -9999 -9999 -9999 -9999 -9999 -9999 -9999 -9999 -9999 -9999 -9999 -9999 -9999
-3059.5 -2978.5 -2930.25 -2835.5 -2783.25 -2664 -2623.25 -2479.5 -2368.5 -2075.75 -1950 -1652.5 -1524 -1195.75 -1088.75 -819.5 -738.5 -621 -582.25 -574.25 -531.75 -483 -459.5 -396.5 -373.25 -317.25 -298.5 -288.75 -279.75 -269.75 -264.25 -241.75 -224.75 -179.25 -158 -135.5 -129.5 -119.25 -106.5 -39.3333333333333 -29 -29 -9999 -9999 -9999 -9999 -9999 -9999 -9999 -9999 -9999 -9999 -9999 -9999 -9999 -9999 -9999 -9999 -9999 -9999 -9999 -9999 -9999 -9999 -9999 -9999 -9999 -9999 -9999 -9999 -9999 -9999 -9999 -9999
-3067.5 -3030.5 -2993.5 -2873 -2845.5 -2735 -2631 -2390.5 -2274 -2028 -1883 -1626 -1486 -1211 -1156 -941 -820 -651 -589.5 -537 -492.5 -451.5 -450.5 -411 -398 -339 -307 -288 -284.5 -273.5 -264 -225.5 -205.5 -141.5 -138 -134.5 -132.5 -121 -116.5 -76.5 -31.5 -31.5 -26 -9999 -9999 -9999 -9999 -9999 -9999 -9999 -9999 -9999 -9999 -9999 -9999 -9999 -9999 -9999 -9999 -9999 -9999 -9999 -9999 -9999 -9999 -9999 -9999 -9999 -9999 -9999 -9999 -9999 -9999 -9999
-3177.75 -3113.5 -3068.25 -2912.25 -2882 -2700.75 -2565 -2286.75 -2178 -1982.25 -1878.5 -1741.75 -1663.25 -1415.5 -1327.75 -1142.75 -1010.5 -754.5 -656 -540.5 -502 -456.75 -446 -393.75 -361 -330 -299.75 -286.75 -280.25 -272.75 -252 -199.25 -171.25 -140.5 -138.75 -134.5 -131.5 -125.25 -120.5 -107.5 -87.25 -26 -26 -7 -9999 -9999 -9999 -9999 -9999 -9999 -9999 -9999 -9999 -9999 -9999 -9999 -9999 -9999 -9999 -9999 -9999 -9999 -9999 -9999 -9999 -9999 -9999 -9999 -9999 -9999 -9999 -9999 -9999 -9999
-3209.5 -3170.5 -3130.5 -2967.5 -2892 -2552.5 -2426.5 -2386.5 -2329 -2128 -2075 -1949 -1844.5 -1709.5 -1564 -1271.5 -1130 -892 -804 -611 -522 -463 -434 -420.5 -404 -320.5 -304 -292.5 -277 -261 -237.5 -189.5 -164.5 -136.5 -141.5 -133 -131.5 -125.5 -120.5 -110 -104.5 -28 -7 -7 -9999 -9999 -9999 -9999 -9999 -9999 -9999 -9999 -9999 -9999 -9999 -9999 -9999 -9999 -9999 -9999 -9999 -9999 -9999 -9999 -9999 -9999 -9999 -9999 -9999 -9999 -9999 -9999 -9999 -9999
-3291.25 -3200 -3165.25 -2992.5 -2832.25 -2590.75 -2522.5 -2510 -2436.75 -2255 -2271.5 -2194 -2153.75 -1967 -1814.75 -1442.5 -1283.25 -1041.75 -952 -655 -585.75 -492.25 -436.75 -394.25 -382.25 -336 -362.75 -320 -298.25 -263.25 -246.25 -193.5 -173.5 -153.5 -147.5 -140.75 -138.5 -129 -123 -114 -106.5 -45 -18.5 -18.5 -9999 -9999 -9999 -9999 -9999 -9999 -9999 -9999 -9999 -9999 -9999 -9999 -9999 -9999 -9999 -9999 -9999 -9999 -9999 -9999 -9999 -9999 -9999 -9999 -9999 -9999 -9999 -9999 -9999 -9999
-3323.5 -3248.5 -3213 -2989 -2814.5 -2667 -2658.5 -2640.5 -2569 -2488.5 -2470 -2393.5 -2330.5 -2138 -1992 -1635.5 -1458.5 -1163.5 -1053 -838.5 -772.5 -542.5 -474 -411 -394.5 -377 -384.5 -316.5 -289 -255 -241.5 -210.5 -189 -164 -154.5 -148 -141.5 -131.5 -128 -116 -112 -68 -32 -32 -9999 -9999 -9999 -9999 -9999 -9999 -9999 -9999 -9999 -9999 -9999 -9999 -9999 -9999 -9999 -9999 -9999 -9999 -9999 -9999 -9999 -9999 -9999 -9999 -9999 -9999 -9999 -9999 -9999 -9999
-3384.75 -3282 -3189.5 -3021.75 -2920.25 -2823.25 -2827.5 -2769.5 -2719.25 -2688.25 -2671.25 -2559.75 -2492 -2271 -2156.75 -1882.25 -1695.25 -1312.25 -1195.5 -973.25 -850 -668.75 -539.25 -422.25 -391.5 -369.75 -366.75 -301.75 -290 -264.25 -245.75 -217.5 -201.5 -169.5 -163 -156.5 -152.75 -137.5 -129.25 -115.75 -111.5 -90.5 -47 -47 -9999 -9999 -9999 -9999 -9999 -9999 -9999 -9999 -9999 -9999 -9999 -9999 -9999 -9999 -9999 -9999 -9999 -9999 -9999 -9999 -9999 -9999 -9999 -9999 -9999 -9999 -9999 -9999 -9999 -9999
-3406 -3307 -3172 -3072 -3031.5 -2948.5 -2943.5 -2892 -2854 -2813.5 -2809.5 -2757.5 -2613 -2471.5 -2430 -2056 -1848 -1502 -1353 -1120.5 -1010.5 -795.5 -648 -434.5 -373.5 -344.5 -310 -320.5 -329.5 -237.5 -254 -230.5 -212.5 -185.5 -174.5 -163 -160.5 -148.5 -138 -120.5 -113.5 -90 -46 -46 -9999 -9999 -9999 -9999 -9999 -9999 -9999 -9999 -9999 -9999 -9999 -9999 -9999 -9999 -9999 -9999 -9999 -9999 -9999 -9999 -9999 -9999 -9999 -9999 -9999 -9999 -9999 -9999 -9999 -9999
-3487.25 -3330.25 -3263 -3207.75 -3183.75 -3111.5 -3086.75 -3006.75 -2965.5 -2974 -2932 -2887.5 -2854.75 -2680.75 -2562.75 -2204.75 -1998.5 -1652.75 -1531.25 -1293.5 -1175.25 -929 -773 -558 -467.25 -366.25 -337.5 -341.5 -335 -288 -281.25 -249.25 -228.25 -203 -189.75 -170 -169.75 -156.5 -141.75 -115 -104.75 -75.5 -48.25 -48.25 -9999 -9999 -9999 -9999 -9999 -9999 -9999 -9999 -9999 -9999 -9999 -9999 -9999 -9999 -9999 -9999 -9999 -9999 -9999 -9999 -9999 -9999 -9999 -9999 -9999 -9999 -9999 -9999 -9999 -9999
-3558.5 -3443.5 -3401 -3353 -3290 -3202.5 -3160 -3077.5 -3045 -3034.5 -3004 -2939.5 -2913.5 -2771.5 -2659 -2304 -2095.5 -1789.5 -1687 -1487.5 -1364 -1108 -965.5 -697 -571.5 -384 -361 -367 -377.5 -304.5 -283 -268 -252.5 -221.5 -206 -176.5 -171.5 -157 -141 -100.5 -93 -69 -50.5 -50.5 -9999 -9999 -9999 -9999 -9999 -9999 -9999 -9999 -9999 -9999 -9999 -9999 -9999 -9999 -9999 -9999 -9999 -9999 -9999 -9999 -9999 -9999 -9999 -9999 -9999 -9999 -9999 -9999 -9999 -9999
-3599 -3575.75 -3542.25 -3441.5 -3392 -3313.75 -3265 -3186 -3174.5 -3140.5 -3095.25 -3048.5 -2985.25 -2816 -2660.25 -2344 -2209.75 -1990.25 -1916.5 -1735 -1633.75 -1313.75 -1169 -855.75 -710.75 -425 -375.25 -348.75 -346 -317 -291 -274 -271.75 -244.75 -224.5 -192 -184.75 -148 -108 -79.5 -72 -50.75 -35.75 -35.75 -9999 -9999 -9999 -9999 -9999 -9999 -9999 -9999 -9999 -9999 -9999 -9999 -9999 -9999 -9999 -9999 -9999 -9999 -9999 -9999 -9999 -9999 -9999 -9999 -9999 -9999 -9999 -9999 -9999 -9999
